$ANSIBLE_VAULT;1.1;AES256
63643366366538663438386533383036376630363632316366333432306635653166626461663062
3463633431396330663661366131363036623135313034370a623535376132613262333561353937
61313938653930313963313832353563623363346433396666653237313034383431336465636136
3531303465616234340a333062663963383364323937313039636135353661353033613730623734
65313032653933393164653831343766363063656539363836363130653664653936313636653037
37383130643831313661353938336264646236623331366666386633393433326232376564376239
33643163643234393034636462343266333835306337636631363231323537653765663663363663
66336532653363613865616539356635396163643337663430373535383565656364373736626434
64383766623463633966336362366334616661623538633439666232393835643366383131663931
39333964326463633637303936646433346536386532636665336336666163633761663731303264
38336134303032613365366465646161363639316435396135306234336362336364326439333833
33303063613236393962343962633362396236346337333361636434336464666532653939663538
64373061336530343937373365323332373134616338383233393836353637653034
